% logfile for Python side
% 1 time (sec)
% 2 Mission state
% 3,4,5 (x,y,h) (m,m,rad)
% 6 Camera frame count
% 7-9 Line sensor: line position, e*kp, control y (rad/s), validCnt
%     Line sensor: Kp=1.0, tau_z=0.8s, tau_p=0.25s
% 10,11 trip A (distance and heading change)
% 12,13 trip B (distance and heading change)
% 1772204654.782349 robobot/cmd/ti log 1
% 1772204654.7823954 robobot/cmd/ti alive 2026-02-27 16:04:14.760507
1772204654.8283331 0 0.001 0.000 0.009 0 -3.50 3.50 0.000 0.000 5 0.000 0.009 0.0000 0.0093
1772204654.8732564 0 0.001 0.000 0.009 0 -3.50 3.50 0.000 0.000 10 0.000 0.009 0.0000 0.0093
1772204654.8776581 0 0.001 0.000 0.009 0 -3.50 3.50 0.000 0.000 10 0.000 0.009 0.0000 0.0093
1772204654.9278197 0 0.001 0.000 0.009 0 -3.50 3.50 0.000 0.000 15 0.000 0.009 0.0000 0.0093
1772204654.9736938 0 0.001 0.000 0.009 0 -3.50 3.50 0.000 0.000 20 0.000 0.009 0.0000 0.0093
1772204654.977997 0 0.001 0.000 0.009 0 -3.50 3.50 0.000 0.000 20 0.000 0.009 0.0000 0.0093
1772204655.0284572 0 0.001 0.000 0.009 0 -3.50 3.50 0.000 0.000 20 0.000 0.009 0.0000 0.0093
1772204655.0727754 0 0.001 0.000 0.009 0 -3.50 3.50 0.000 0.000 20 0.000 0.009 0.0000 0.0093
1772204655.0781136 0 0.001 0.000 0.009 0 -3.50 3.50 0.000 0.000 20 0.000 0.009 0.0000 0.0093
% 1772204655.083772 robobot/cmd/T0 enc0
% 1772204655.0839083 robobot/cmd/T0 confw 0.074 0.074 19 92 0.23
% 1772204655.084025 robobot/cmd/T0 confi
1772204655.1277921 0 0.000 0.000 0.000 0 -3.50 3.50 0.000 0.000 20 0.000 0.000 0.0000 0.0000
1772204655.1729653 0 0.000 0.000 0.000 0 -3.50 3.50 0.000 0.000 20 0.000 0.000 0.0000 0.0000
1772204655.1784596 0 0.000 0.000 0.000 0 -3.50 3.50 0.000 0.000 20 0.000 0.000 0.0000 0.0000
% 1772204655.2249897 robobot/cmd/T0 lip 1
% 1772204655.225067 robobot/cmd/T0 sub livn 10
1772204655.2277105 0 0.000 0.000 0.000 0 -3.50 3.50 0.000 0.000 20 0.000 0.000 0.0000 0.0000
% 1772204655.2453852 robobot/cmd/T0 liwi
% 1772204655.2658205 robobot/cmd/T0 leds 16 30 30 0
1772204655.2733612 0 0.000 0.000 0.000 1 -3.50 3.50 0.000 0.000 20 0.000 0.000 0.0000 0.0000
1772204655.277559 0 0.000 0.000 0.000 1 -3.50 3.50 0.000 0.000 20 0.000 0.000 0.0000 0.0000
% 1772204655.2836816 robobot/cmd/ti alive 2026-02-27 16:04:14.760507
1772204655.3280427 0 0.000 0.000 0.000 1 -3.50 3.50 0.000 0.000 20 0.000 0.000 0.0000 0.0000
1772204655.3730717 0 0.000 0.000 0.000 1 -3.50 3.50 0.000 0.000 20 0.000 0.000 0.0000 0.0000
1772204655.3784711 0 0.000 0.000 0.000 1 -3.50 3.50 0.000 0.000 20 0.000 0.000 0.0000 0.0000
1772204655.428694 0 0.000 0.000 0.000 1 -3.50 3.50 0.000 0.000 20 0.000 0.000 0.0000 0.0000
1772204655.4735858 0 0.000 0.000 0.000 1 -3.50 3.50 0.000 0.000 20 0.000 0.000 0.0000 0.0000
1772204655.4779627 0 0.000 0.000 0.000 1 -3.50 3.50 0.000 0.000 20 0.000 0.000 0.0000 0.0000
1772204655.528411 0 0.000 0.000 0.000 1 -3.50 3.50 0.000 0.000 20 0.000 0.000 0.0000 0.0000
1772204655.5741174 0 0.000 0.000 0.000 2 -3.50 3.50 0.000 0.000 20 0.000 0.000 0.0000 0.0000
1772204655.5781605 0 0.000 0.000 0.000 2 -3.50 3.50 0.000 0.000 20 0.000 0.000 0.0000 0.0000
1772204655.6284943 0 0.000 0.000 0.000 2 -3.50 3.50 0.000 0.000 20 0.000 0.000 0.0000 0.0000
1772204655.6734142 0 0.000 0.000 0.000 2 -3.50 3.50 0.000 0.000 20 0.000 0.000 0.0000 0.0000
1772204655.6787412 0 0.000 0.000 0.000 2 -3.50 3.50 0.000 0.000 20 0.000 0.000 0.0000 0.0000
1772204655.7289953 0 0.000 0.000 0.000 2 -3.50 3.50 0.000 0.000 20 0.000 0.000 0.0000 0.0000
1772204655.773469 0 0.000 0.000 0.000 2 -3.50 3.50 0.000 0.000 20 0.000 0.000 0.0000 0.0000
1772204655.77911 0 0.000 0.000 0.000 2 -3.50 3.50 0.000 0.000 20 0.000 0.000 0.0000 0.0000
% 1772204655.784832 robobot/cmd/ti alive 2026-02-27 16:04:14.760507
% 1772204655.801665 robobot/cmd/T0 leds 16 0 0 30
% 1772204655.8019073 robobot/cmd/ti rc 0.25 0.0
% 1772204655.8020089 robobot/cmd/T0 servo 1 100 300
% 1772204655.8020236 % State change from -1 to 12
1772204655.828822 0 0.001 0.000 -0.000 2 -3.50 3.50 0.000 0.000 20 0.000 0.000 0.0000 0.0000
1772204655.8728945 0 0.005 0.000 -0.001 2 -3.50 3.50 0.000 0.000 20 0.004 -0.001 0.0045 -0.0012
1772204655.8793464 0 0.006 0.000 -0.000 2 -3.50 3.50 0.000 0.000 20 0.004 0.000 0.0045 0.0000
1772204655.9284914 0 0.015 0.000 0.005 2 -3.50 3.50 0.000 0.000 20 0.012 0.005 0.0122 0.0046
1772204655.9739168 0 0.025 0.000 0.012 2 -3.50 3.50 0.000 0.000 20 0.024 0.012 0.0235 0.0116
1772204655.9793217 0 0.028 0.000 0.012 2 -3.50 3.50 0.000 0.000 20 0.026 0.012 0.0256 0.0116
1772204656.0290167 0 0.042 0.000 0.017 2 -3.50 3.50 0.000 0.000 20 0.039 0.017 0.0388 0.0173
1772204656.0736063 0 0.053 0.001 0.016 2 -3.50 3.50 0.000 0.000 20 0.052 0.016 0.0522 0.0162
1772204656.0790532 0 0.055 0.001 0.016 2 -3.50 3.50 0.000 0.000 20 0.052 0.016 0.0522 0.0162
1772204656.1292446 0 0.070 0.001 0.020 2 -3.50 3.50 0.000 0.000 20 0.066 0.020 0.0661 0.0197
1772204656.1738222 0 0.081 0.001 0.021 3 -3.50 3.50 0.000 0.000 20 0.079 0.021 0.0794 0.0208
1772204656.1788752 0 0.084 0.001 0.018 3 -3.50 3.50 0.000 0.000 20 0.081 0.018 0.0813 0.0185
1772204656.2287872 0 0.097 0.001 0.016 3 -3.50 3.50 0.000 0.000 20 0.094 0.016 0.0942 0.0162
1772204656.2737334 0 0.107 0.001 0.012 3 -3.50 3.50 0.000 0.000 20 0.106 0.012 0.1062 0.0116
1772204656.2790809 0 0.109 0.001 0.009 3 -3.50 3.50 0.000 0.000 20 0.106 0.009 0.1062 0.0093
% 1772204656.2862828 robobot/cmd/ti alive 2026-02-27 16:04:14.760507
1772204656.329652 0 0.121 0.002 0.005 3 -3.50 3.50 0.000 0.000 20 0.120 0.005 0.1199 0.0046
1772204656.3731081 0 0.131 0.002 0.002 3 -3.50 3.50 0.000 0.000 20 0.130 0.002 0.1298 0.0023
1772204656.3796194 0 0.134 0.002 -0.000 3 -3.50 3.50 0.000 0.000 20 0.132 0.000 0.1317 0.0000
1772204656.4290564 0 0.146 0.002 -0.002 3 -3.50 3.50 0.000 0.000 20 0.144 -0.002 0.1435 -0.0023
1772204656.4732635 0 0.155 0.002 -0.006 3 -3.50 3.50 0.000 0.000 20 0.155 -0.006 0.1550 -0.0058
1772204656.4797177 0 0.158 0.002 -0.006 3 -3.50 3.50 0.000 0.000 20 0.155 -0.006 0.1550 -0.0058
1772204656.5291233 0 0.170 0.001 -0.008 3 -3.50 3.50 0.000 0.000 20 0.169 -0.008 0.1688 -0.0081
1772204656.5735881 0 0.180 0.001 -0.010 4 -3.50 3.50 0.000 0.000 20 0.179 -0.010 0.1790 -0.0104
1772204656.5800886 0 0.183 0.001 -0.010 4 -3.50 3.50 0.000 0.000 20 0.181 -0.010 0.1810 -0.0104
1772204656.6293097 0 0.196 0.001 -0.014 4 -3.50 3.50 0.000 0.000 20 0.193 -0.014 0.1932 -0.0139
1772204656.6740842 0 0.206 0.001 -0.016 4 -3.50 3.50 0.000 0.000 20 0.205 -0.016 0.2054 -0.0162
1772204656.6795485 0 0.208 0.001 -0.017 4 -3.50 3.50 0.000 0.000 20 0.205 -0.017 0.2054 -0.0173
1772204656.7302012 0 0.221 0.001 -0.020 4 -3.50 3.50 0.000 0.000 20 0.220 -0.020 0.2196 -0.0197
1772204656.77376 0 0.231 0.001 -0.021 4 -3.50 3.50 0.000 0.000 20 0.230 -0.021 0.2297 -0.0208
1772204656.7803059 0 0.234 0.000 -0.022 4 -3.50 3.50 0.000 0.000 20 0.232 -0.022 0.2317 -0.0220
% 1772204656.7875233 robobot/cmd/ti alive 2026-02-27 16:04:14.760507
1772204656.8297892 0 0.246 0.000 -0.023 4 -3.50 3.50 0.000 0.000 20 0.244 -0.023 0.2439 -0.0231
1772204656.8737886 0 0.256 -0.000 -0.024 4 -3.50 3.50 0.000 0.000 20 0.256 -0.024 0.2560 -0.0243
1772204656.8801236 0 0.259 -0.000 -0.025 4 -3.50 3.50 0.000 0.000 20 0.256 -0.025 0.2560 -0.0254
1772204656.929436 0 0.272 -0.000 -0.025 4 -3.50 3.50 0.000 0.000 20 0.270 -0.025 0.2701 -0.0254
1772204656.9738085 0 0.282 -0.001 -0.027 5 -3.50 3.50 0.000 0.000 20 0.280 -0.027 0.2802 -0.0266
1772204656.9804804 0 0.284 -0.001 -0.027 5 -3.50 3.50 0.000 0.000 20 0.282 -0.027 0.2821 -0.0266
1772204657.0296926 0 0.297 -0.001 -0.027 5 -3.50 3.50 0.000 0.000 20 0.294 -0.027 0.2943 -0.0266
1772204657.0734446 0 0.307 -0.001 -0.025 5 -3.50 3.50 0.000 0.000 20 0.306 -0.025 0.3064 -0.0254
1772204657.0799322 0 0.309 -0.001 -0.025 5 -3.50 3.50 0.000 0.000 20 0.306 -0.025 0.3064 -0.0254
1772204657.130192 0 0.322 -0.002 -0.025 5 -3.50 3.50 0.000 0.000 20 0.320 -0.025 0.3203 -0.0254
1772204657.173672 0 0.332 -0.002 -0.025 5 -3.50 3.50 0.000 0.000 20 0.330 -0.025 0.3302 -0.0254
1772204657.1801882 0 0.335 -0.002 -0.024 5 -3.50 3.50 0.000 0.000 20 0.332 -0.024 0.3322 -0.0243
1772204657.2306337 0 0.347 -0.002 -0.024 5 -3.50 3.50 0.000 0.000 20 0.344 -0.024 0.3443 -0.0243
1772204657.2732148 0 0.357 -0.003 -0.024 5 -3.50 3.50 0.000 0.000 20 0.356 -0.024 0.3563 -0.0243
1772204657.2808006 0 0.360 -0.003 -0.024 5 -3.50 3.50 0.000 0.000 20 0.356 -0.024 0.3563 -0.0243
% 1772204657.2887688 robobot/cmd/ti alive 2026-02-27 16:04:14.760507
1772204657.3313732 0 0.372 -0.003 -0.023 5 -3.50 3.50 0.000 0.000 20 0.370 -0.023 0.3702 -0.0231
1772204657.3736482 0 0.382 -0.003 -0.023 6 -3.50 3.50 0.000 0.000 20 0.380 -0.023 0.3802 -0.0231
1772204657.3814197 0 0.384 -0.003 -0.022 6 -3.50 3.50 0.000 0.000 20 0.382 -0.022 0.3819 -0.0220
1772204657.4307592 0 0.397 -0.004 -0.022 6 -3.50 3.50 0.000 0.000 20 0.394 -0.022 0.3939 -0.0220
1772204657.4740853 0 0.407 -0.004 -0.022 6 -3.50 3.50 0.000 0.000 20 0.406 -0.022 0.4060 -0.0220
1772204657.480634 0 0.409 -0.004 -0.022 6 -3.50 3.50 0.000 0.000 20 0.406 -0.022 0.4060 -0.0220
1772204657.5309217 0 0.422 -0.004 -0.021 6 -3.50 3.50 0.000 0.000 20 0.420 -0.021 0.4198 -0.0208
1772204657.573441 0 0.431 -0.004 -0.020 6 -3.50 3.50 0.000 0.000 20 0.430 -0.020 0.4298 -0.0197
1772204657.5811808 0 0.434 -0.004 -0.020 6 -3.50 3.50 0.000 0.000 20 0.432 -0.020 0.4317 -0.0197
1772204657.6309295 0 0.446 -0.005 -0.017 6 -3.50 3.50 0.000 0.000 20 0.444 -0.017 0.4436 -0.0173
1772204657.6744957 0 0.456 -0.005 -0.016 6 -3.50 3.50 0.000 0.000 20 0.456 -0.016 0.4555 -0.0162
1772204657.6808863 0 0.459 -0.005 -0.017 6 -3.50 3.50 0.000 0.000 20 0.456 -0.017 0.4555 -0.0173
1772204657.7309918 0 0.471 -0.005 -0.016 6 -3.50 3.50 0.000 0.000 20 0.470 -0.016 0.4696 -0.0162
1772204657.7739904 0 0.481 -0.005 -0.015 7 -3.50 3.50 0.000 0.000 20 0.480 -0.015 0.4798 -0.0150
1772204657.7808883 0 0.484 -0.005 -0.015 7 -3.50 3.50 0.000 0.000 20 0.482 -0.015 0.4816 -0.0150
% 1772204657.7912512 robobot/cmd/ti alive 2026-02-27 16:04:14.760507
1772204657.8323085 0 0.496 -0.005 -0.013 7 -3.50 3.50 0.000 0.000 20 0.494 -0.013 0.4938 -0.0127
1772204657.8737862 0 0.506 -0.005 -0.013 7 -3.50 3.50 0.000 0.000 20 0.506 -0.013 0.5058 -0.0127
1772204657.8817003 0 0.509 -0.005 -0.013 7 -3.50 3.50 0.000 0.000 20 0.506 -0.013 0.5058 -0.0127
1772204657.9317129 0 0.521 -0.006 -0.010 7 -3.50 3.50 0.000 0.000 20 0.520 -0.010 0.5197 -0.0104
1772204657.973994 0 0.531 -0.006 -0.009 7 -3.50 3.50 0.000 0.000 20 0.530 -0.009 0.5296 -0.0093
1772204657.981623 0 0.534 -0.006 -0.010 7 -3.50 3.50 0.000 0.000 20 0.532 -0.010 0.5316 -0.0104
1772204658.032618 0 0.546 -0.006 -0.009 7 -3.50 3.50 0.000 0.000 20 0.544 -0.009 0.5436 -0.0093
1772204658.074388 0 0.556 -0.006 -0.007 7 -3.50 3.50 0.000 0.000 20 0.555 -0.007 0.5553 -0.0069
1772204658.082361 0 0.559 -0.006 -0.008 7 -3.50 3.50 0.000 0.000 20 0.558 -0.008 0.5575 -0.0081
1772204658.131459 0 0.571 -0.006 -0.007 7 -3.50 3.50 0.000 0.000 20 0.569 -0.007 0.5694 -0.0069
1772204658.1742315 0 0.581 -0.006 -0.007 8 -3.50 3.50 0.000 0.000 20 0.579 -0.007 0.5793 -0.0069
% 1772204658.1798792 robobot/cmd/ti rc 0.1 0.5
% 1772204658.1801987 robobot/cmd/T0 servo 1 -800 1000
% 1772204658.180214 % State change from 12 to 14
1772204658.1825223 0 0.583 -0.006 -0.007 8 -3.50 3.50 0.000 0.000 20 0.581 -0.007 0.0000 0.0000
1772204658.231956 0 0.594 -0.006 -0.004 8 -3.50 3.50 0.000 0.000 20 0.592 -0.004 0.0104 0.0034
1772204658.2744315 0 0.601 -0.006 0.014 8 -3.50 3.50 0.000 0.000 20 0.600 0.014 0.0189 0.0208
% 1772204658.292746 robobot/cmd/ti alive 2026-02-27 16:04:14.760507
1772204658.3230531 0 0.602 -0.006 0.022 8 -3.50 3.50 0.000 0.000 20 0.601 0.022 0.0201 0.0289
1772204658.3325236 0 0.607 -0.006 0.054 8 -3.50 3.50 0.000 0.000 20 0.607 0.054 0.0257 0.0613
1772204658.374118 0 0.610 -0.006 0.082 8 -3.50 3.50 0.000 0.000 20 0.611 0.082 0.0293 0.0890
1772204658.3818576 0 0.611 -0.006 0.088 8 -3.50 3.50 0.000 0.000 20 0.611 0.088 0.0300 0.0948
1772204658.4319959 0 0.614 -0.005 0.115 8 -3.50 3.50 0.000 0.000 20 0.614 0.115 0.0332 0.1214
1772204658.4744556 0 0.617 -0.005 0.132 8 -3.50 3.50 0.000 0.000 20 0.618 0.132 0.0368 0.1387
1772204658.4821076 0 0.618 -0.005 0.135 8 -3.50 3.50 0.000 0.000 20 0.619 0.135 0.0374 0.1422
1772204658.5324137 0 0.622 -0.004 0.156 8 -3.50 3.50 0.000 0.000 20 0.623 0.156 0.0417 0.1630
1772204658.5750074 0 0.626 -0.004 0.171 9 -3.50 3.50 0.000 0.000 20 0.626 0.171 0.0449 0.1781
1772204658.5832896 0 0.627 -0.003 0.175 9 -3.50 3.50 0.000 0.000 20 0.627 0.175 0.0457 0.1815
1772204658.6329007 0 0.632 -0.003 0.201 9 -3.50 3.50 0.000 0.000 20 0.632 0.201 0.0508 0.2081
1772204658.6745677 0 0.636 -0.002 0.222 9 -3.50 3.50 0.000 0.000 20 0.637 0.222 0.0556 0.2289
1772204658.6832101 0 0.637 -0.001 0.228 9 -3.50 3.50 0.000 0.000 20 0.638 0.228 0.0564 0.2347
1772204658.7332582 0 0.642 -0.000 0.252 9 -3.50 3.50 0.000 0.000 20 0.643 0.252 0.0614 0.2590
1772204658.7737617 0 0.646 0.001 0.272 9 -3.50 3.50 0.000 0.000 20 0.647 0.272 0.0655 0.2787
1772204658.7827952 0 0.647 0.001 0.276 9 -3.50 3.50 0.000 0.000 20 0.648 0.276 0.0663 0.2833
% 1772204658.7942529 robobot/cmd/ti alive 2026-02-27 16:04:14.760507
1772204658.8325417 0 0.651 0.002 0.305 9 -3.50 3.50 0.000 0.000 20 0.653 0.305 0.0714 0.3122
1772204658.8739216 0 0.655 0.004 0.324 9 -3.50 3.50 0.000 0.000 20 0.657 0.324 0.0761 0.3307
1772204658.882533 0 0.656 0.004 0.327 9 -3.50 3.50 0.000 0.000 20 0.658 0.327 0.0770 0.3342
1772204658.9325855 0 0.660 0.006 0.357 9 -3.50 3.50 0.000 0.000 20 0.663 0.357 0.0817 0.3643
1772204658.9738536 0 0.664 0.007 0.373 10 -3.50 3.50 0.000 0.000 20 0.667 0.373 0.0854 0.3804
1772204658.9827616 0 0.665 0.007 0.377 10 -3.50 3.50 0.000 0.000 20 0.667 0.377 0.0863 0.3839
1772204659.0329669 0 0.669 0.009 0.407 10 -3.50 3.50 0.000 0.000 20 0.672 0.407 0.0911 0.4140
1772204659.0747027 0 0.673 0.011 0.423 10 -3.50 3.50 0.000 0.000 20 0.677 0.423 0.0959 0.4302
1772204659.0835462 0 0.674 0.011 0.428 10 -3.50 3.50 0.000 0.000 20 0.678 0.428 0.0968 0.4348
1772204659.1335576 0 0.678 0.013 0.457 10 -3.50 3.50 0.000 0.000 20 0.683 0.457 0.1015 0.4637
1772204659.1754186 0 0.682 0.015 0.472 10 -3.50 3.50 0.000 0.000 20 0.687 0.472 0.1056 0.4787
1772204659.1831264 0 0.683 0.015 0.478 10 -3.50 3.50 0.000 0.000 20 0.688 0.478 0.1065 0.4845
1772204659.233056 0 0.687 0.018 0.508 10 -3.50 3.50 0.000 0.000 20 0.692 0.508 0.1112 0.5146
1772204659.274432 0 0.690 0.020 0.523 10 -3.50 3.50 0.000 0.000 20 0.697 0.523 0.1153 0.5296
1772204659.2832427 0 0.691 0.020 0.528 10 -3.50 3.50 0.000 0.000 20 0.698 0.528 0.1171 0.5354
% 1772204659.2957819 robobot/cmd/ti alive 2026-02-27 16:04:14.760507
1772204659.3336165 0 0.695 0.023 0.556 10 -3.50 3.50 0.000 0.000 20 0.703 0.556 0.1217 0.5632
1772204659.3745081 0 0.698 0.025 0.574 11 -3.50 3.50 0.000 0.000 20 0.707 0.574 0.1258 0.5805
1772204659.3835022 0 0.699 0.025 0.579 11 -3.50 3.50 0.000 0.000 20 0.708 0.579 0.1266 0.5863
1772204659.4340997 0 0.703 0.028 0.608 11 -3.50 3.50 0.000 0.000 20 0.712 0.608 0.1309 0.6152
1772204659.4754736 0 0.706 0.030 0.623 11 -3.50 3.50 0.000 0.000 20 0.716 0.623 0.1351 0.6302
1772204659.484309 0 0.707 0.031 0.629 11 -3.50 3.50 0.000 0.000 20 0.718 0.629 0.1369 0.6360
1772204659.5343733 0 0.711 0.033 0.658 11 -3.50 3.50 0.000 0.000 20 0.723 0.658 0.1415 0.6649
1772204659.5749295 0 0.714 0.036 0.676 11 -3.50 3.50 0.000 0.000 20 0.727 0.676 0.1458 0.6834
1772204659.583749 0 0.715 0.036 0.682 11 -3.50 3.50 0.000 0.000 20 0.728 0.682 0.1466 0.6892
1772204659.6338036 0 0.719 0.040 0.709 11 -3.50 3.50 0.000 0.000 20 0.733 0.709 0.1514 0.7158
1772204659.6752107 0 0.722 0.042 0.730 11 -3.50 3.50 0.000 0.000 20 0.737 0.730 0.1557 0.7366
1772204659.683996 0 0.722 0.043 0.737 11 -3.50 3.50 0.000 0.000 20 0.739 0.737 0.1573 0.7436
1772204659.734066 0 0.726 0.047 0.760 11 -3.50 3.50 0.000 0.000 20 0.743 0.760 0.1622 0.7667
1772204659.774745 0 0.729 0.049 0.783 12 -3.50 3.50 0.000 0.000 20 0.748 0.783 0.1664 0.7898
1772204659.7846406 0 0.729 0.050 0.788 12 -3.50 3.50 0.000 0.000 20 0.748 0.788 0.1671 0.7945
% 1772204659.7972958 robobot/cmd/ti alive 2026-02-27 16:04:14.760507
1772204659.833978 0 0.733 0.053 0.809 12 -3.50 3.50 0.000 0.000 20 0.753 0.809 0.1719 0.8164
1772204659.87512 0 0.735 0.056 0.835 12 -3.50 3.50 0.000 0.000 20 0.757 0.835 0.1758 0.8419
1772204659.883956 0 0.736 0.057 0.841 12 -3.50 3.50 0.000 0.000 20 0.758 0.841 0.1772 0.8477
1772204659.9349582 0 0.739 0.061 0.859 12 -3.50 3.50 0.000 0.000 20 0.763 0.859 0.1820 0.8662
1772204659.9746516 0 0.742 0.063 0.884 12 -3.50 3.50 0.000 0.000 20 0.767 0.884 0.1860 0.8905
1772204659.9846551 0 0.742 0.064 0.889 12 -3.50 3.50 0.000 0.000 20 0.768 0.889 0.1868 0.8962
1772204660.0349758 0 0.745 0.068 0.910 12 -3.50 3.50 0.000 0.000 20 0.773 0.910 0.1915 0.9171
1772204660.0752587 0 0.748 0.071 0.933 12 -3.50 3.50 0.000 0.000 20 0.777 0.933 0.1955 0.9402
1772204660.0853527 0 0.748 0.072 0.937 12 -3.50 3.50 0.000 0.000 20 0.778 0.937 0.1969 0.9436
1772204660.134333 0 0.751 0.076 0.961 12 -3.50 3.50 0.000 0.000 20 0.783 0.961 0.2019 0.9679
1772204660.1754057 0 0.753 0.079 0.983 13 -3.50 3.50 0.000 0.000 20 0.787 0.983 0.2056 0.9899
1772204660.1843355 0 0.754 0.080 0.987 13 -3.50 3.50 0.000 0.000 20 0.788 0.987 0.2065 0.9934
1772204660.234558 0 0.756 0.084 1.013 13 -3.50 3.50 0.000 0.000 20 0.793 1.013 0.2115 1.0200
1772204660.2747834 0 0.758 0.087 1.033 13 -3.50 3.50 0.000 0.000 20 0.797 1.033 0.2153 1.0396
1772204660.2847207 0 0.759 0.088 1.036 13 -3.50 3.50 0.000 0.000 20 0.798 1.036 0.2171 1.0431
% 1772204660.2985477 robobot/cmd/ti alive 2026-02-27 16:04:14.760507
1772204660.3348987 0 0.761 0.092 1.065 13 -3.50 3.50 0.000 0.000 20 0.803 1.065 0.2220 1.0720
1772204660.3747835 0 0.763 0.095 1.086 13 -3.50 3.50 0.000 0.000 20 0.807 1.086 0.2255 1.0928
1772204660.3848124 0 0.764 0.096 1.089 13 -3.50 3.50 0.000 0.000 20 0.808 1.089 0.2264 1.0963
1772204660.4356658 0 0.766 0.100 1.115 13 -3.50 3.50 0.000 0.000 20 0.813 1.115 0.2315 1.1218
1772204660.4755397 0 0.767 0.104 1.133 13 -3.50 3.50 0.000 0.000 20 0.816 1.133 0.2352 1.1403
1772204660.4854538 0 0.768 0.105 1.138 13 -3.50 3.50 0.000 0.000 20 0.818 1.138 0.2370 1.1449
1772204660.5345843 0 0.770 0.109 1.167 13 -3.50 3.50 0.000 0.000 20 0.823 1.167 0.2419 1.1738
1772204660.5755403 0 0.771 0.113 1.183 14 -3.50 3.50 0.000 0.000 20 0.827 1.183 0.2457 1.1900
1772204660.585541 0 0.772 0.114 1.189 14 -3.50 3.50 0.000 0.000 20 0.828 1.189 0.2466 1.1958
1772204660.6357079 0 0.773 0.118 1.219 14 -3.50 3.50 0.000 0.000 20 0.833 1.219 0.2522 1.2258
1772204660.6757312 0 0.775 0.122 1.233 14 -3.50 3.50 0.000 0.000 20 0.837 1.233 0.2554 1.2397
1772204660.6857188 0 0.775 0.123 1.239 14 -3.50 3.50 0.000 0.000 20 0.838 1.239 0.2572 1.2455
1772204660.7358506 0 0.776 0.127 1.270 14 -3.50 3.50 0.000 0.000 20 0.843 1.270 0.2621 1.2767
1772204660.774614 0 0.778 0.131 1.285 14 -3.50 3.50 0.000 0.000 20 0.847 1.285 0.2661 1.2918
1772204660.785806 0 0.778 0.132 1.292 14 -3.50 3.50 0.000 0.000 20 0.848 1.292 0.2669 1.2987
% 1772204660.799882 robobot/cmd/ti alive 2026-02-27 16:04:14.760507
1772204660.8362725 0 0.779 0.136 1.322 14 -3.50 3.50 0.000 0.000 20 0.853 1.322 0.2722 1.3288
1772204660.8751872 0 0.780 0.140 1.335 14 -3.50 3.50 0.000 0.000 20 0.857 1.335 0.2754 1.3415
1772204660.8863368 0 0.780 0.142 1.340 14 -3.50 3.50 0.000 0.000 20 0.858 1.340 0.2771 1.3473
1772204660.9364398 0 0.781 0.146 1.368 14 -3.50 3.50 0.000 0.000 20 0.863 1.368 0.2817 1.3750
1772204660.9749238 0 0.782 0.149 1.384 15 -3.50 3.50 0.000 0.000 20 0.867 1.384 0.2858 1.3912
1772204660.9861007 0 0.782 0.151 1.390 15 -3.50 3.50 0.000 0.000 20 0.868 1.390 0.2866 1.3970
1772204661.0364509 0 0.783 0.155 1.420 15 -3.50 3.50 0.000 0.000 20 0.873 1.420 0.2919 1.4271
1772204661.0753164 0 0.783 0.159 1.435 15 -3.50 3.50 0.000 0.000 20 0.877 1.435 0.2954 1.4421
1772204661.0864005 0 0.784 0.160 1.443 15 -3.50 3.50 0.000 0.000 20 0.878 1.443 0.2971 1.4502
1772204661.1364524 0 0.784 0.165 1.471 15 -3.50 3.50 0.000 0.000 20 0.883 1.471 0.3017 1.4780
1772204661.1750073 0 0.784 0.169 1.485 15 -3.50 3.50 0.000 0.000 20 0.887 1.485 0.3060 1.4918
1772204661.1861312 0 0.785 0.170 1.494 15 -3.50 3.50 0.000 0.000 20 0.888 1.494 0.3069 1.5011
1772204661.2362103 0 0.785 0.175 1.521 15 -3.50 3.50 0.000 0.000 20 0.893 1.521 0.3121 1.5277
1772204661.275306 0 0.785 0.178 1.537 15 -3.50 3.50 0.000 0.000 20 0.897 1.537 0.3155 1.5439
1772204661.2864726 0 0.785 0.180 1.547 15 -3.50 3.50 0.000 0.000 20 0.898 1.547 0.3171 1.5543
% 1772204661.3011885 robobot/cmd/ti alive 2026-02-27 16:04:14.760507
1772204661.3367007 0 0.785 0.184 1.573 15 -3.50 3.50 0.000 0.000 20 0.903 1.573 0.3215 1.5797
1772204661.3751104 0 0.785 0.188 1.588 16 -3.50 3.50 0.000 0.000 20 0.907 1.588 0.3259 1.5948
% 1772204661.383353 robobot/cmd/ti rc 0 0
% 1772204661.3835347 robobot/cmd/T0 servo 1 0 1000
% 1772204661.3835433 % State change from 14 to 20
1772204661.3864307 0 0.785 0.189 1.598 16 -3.50 3.50 0.000 0.000 20 0.908 1.598 0.3268 1.6052
1772204661.4366875 0 0.785 0.192 1.612 16 -3.50 3.50 0.000 0.000 20 0.912 1.612 0.3305 1.6191
1772204661.4756825 0 0.785 0.193 1.624 16 -3.50 3.50 0.000 0.000 20 0.914 1.624 0.3327 1.6306
1772204661.486912 0 0.785 0.194 1.626 16 -3.50 3.50 0.000 0.000 20 0.915 1.626 0.3333 1.6329
1772204661.5369577 0 0.785 0.194 1.626 16 -3.50 3.50 0.000 0.000 20 0.916 1.626 0.3344 1.6329
1772204661.575034 0 0.785 0.194 1.626 16 -3.50 3.50 0.000 0.000 20 0.916 1.626 0.3344 1.6329
1772204661.5873797 0 0.785 0.194 1.626 16 -3.50 3.50 0.000 0.000 20 0.916 1.626 0.3344 1.6329
1772204661.6365044 0 0.785 0.194 1.625 16 -3.50 3.50 0.000 0.000 20 0.916 1.625 0.3344 1.6318
1772204661.675647 0 0.785 0.194 1.625 16 -3.50 3.50 0.000 0.000 20 0.916 1.625 0.3343 1.6318
1772204661.6868134 0 0.785 0.194 1.625 16 -3.50 3.50 0.000 0.000 20 0.916 1.625 0.3343 1.6318
1772204661.7368743 0 0.785 0.194 1.625 16 -3.50 3.50 0.000 0.000 20 0.915 1.625 0.3342 1.6318
1772204661.775442 0 0.785 0.194 1.625 17 -3.50 3.50 0.000 0.000 20 0.915 1.625 0.3341 1.6318
1772204661.7868574 0 0.785 0.194 1.625 17 -3.50 3.50 0.000 0.000 20 0.915 1.625 0.3341 1.6318
% 1772204661.802823 robobot/cmd/ti alive 2026-02-27 16:04:14.760507
1772204661.837425 0 0.785 0.194 1.625 17 -3.50 3.50 0.000 0.000 20 0.915 1.625 0.3341 1.6318
1772204661.8758855 0 0.785 0.194 1.625 17 -3.50 3.50 0.000 0.000 20 0.915 1.625 0.3340 1.6318
1772204661.886808 0 0.785 0.194 1.625 17 -3.50 3.50 0.000 0.000 20 0.915 1.625 0.3340 1.6318
1772204661.9371185 0 0.785 0.194 1.626 17 -3.50 3.50 0.000 0.000 20 0.915 1.626 0.3340 1.6329
1772204661.9757369 0 0.785 0.194 1.626 17 -3.50 3.50 0.000 0.000 20 0.915 1.626 0.3340 1.6329
1772204661.9880168 0 0.785 0.194 1.626 17 -3.50 3.50 0.000 0.000 20 0.915 1.626 0.3340 1.6329
1772204662.0380113 0 0.785 0.194 1.626 17 -3.50 3.50 0.000 0.000 20 0.915 1.626 0.3340 1.6329
1772204662.0748909 0 0.785 0.194 1.626 17 -3.50 3.50 0.000 0.000 20 0.915 1.626 0.3340 1.6329
1772204662.0882308 0 0.785 0.194 1.626 17 -3.50 3.50 0.000 0.000 20 0.915 1.626 0.3340 1.6329
1772204662.1382968 0 0.785 0.194 1.626 17 -3.50 3.50 0.000 0.000 20 0.915 1.626 0.3340 1.6329
% 1772204662.1746497 robobot/cmd/T0 leds 16 0 64 0
1772204662.1757247 0 0.785 0.194 1.626 18 -3.50 3.50 0.000 0.000 20 0.915 1.626 0.3340 1.6329
1772204662.187308 0 0.785 0.194 1.626 18 -3.50 3.50 0.000 0.000 20 0.915 1.626 0.3340 1.6329
1772204662.2377336 0 0.785 0.194 1.626 18 -3.50 3.50 0.000 0.000 20 0.915 1.626 0.3341 1.6329
1772204662.2755666 0 0.785 0.194 1.626 18 -3.50 3.50 0.000 0.000 20 0.915 1.626 0.3341 1.6329
1772204662.2877712 0 0.785 0.194 1.626 18 -3.50 3.50 0.000 0.000 20 0.915 1.626 0.3341 1.6329
% 1772204662.304343 robobot/cmd/ti alive 2026-02-27 16:04:14.760507
1772204662.3381066 0 0.785 0.194 1.626 18 -3.50 3.50 0.000 0.000 20 0.915 1.626 0.3341 1.6329
1772204662.3754718 0 0.785 0.194 1.626 18 -3.50 3.50 0.000 0.000 20 0.915 1.626 0.3341 1.6329
1772204662.3877697 0 0.785 0.194 1.626 18 -3.50 3.50 0.000 0.000 20 0.915 1.626 0.3341 1.6329
1772204662.4383976 0 0.785 0.194 1.626 18 -3.50 3.50 0.000 0.000 20 0.915 1.626 0.3341 1.6329
1772204662.4757712 0 0.785 0.194 1.626 18 -3.50 3.50 0.000 0.000 20 0.915 1.626 0.3341 1.6329
1772204662.4874897 0 0.785 0.194 1.626 18 -3.50 3.50 0.000 0.000 20 0.915 1.626 0.3341 1.6329
1772204662.5379117 0 0.785 0.194 1.626 18 -3.50 3.50 0.000 0.000 20 0.915 1.626 0.3341 1.6329
1772204662.5758436 0 0.785 0.194 1.626 19 -3.50 3.50 0.000 0.000 20 0.915 1.626 0.3341 1.6329
1772204662.5874712 0 0.785 0.194 1.626 19 -3.50 3.50 0.000 0.000 20 0.915 1.626 0.3341 1.6329
1772204662.6385632 0 0.785 0.194 1.626 19 -3.50 3.50 0.000 0.000 20 0.915 1.626 0.3341 1.6329
1772204662.6752508 0 0.785 0.194 1.626 19 -3.50 3.50 0.000 0.000 20 0.915 1.626 0.3341 1.6329
1772204662.6885993 0 0.785 0.194 1.626 19 -3.50 3.50 0.000 0.000 20 0.915 1.626 0.3341 1.6329
1772204662.7387464 0 0.785 0.194 1.626 19 -3.50 3.50 0.000 0.000 20 0.915 1.626 0.3341 1.6329
1772204662.7757692 0 0.785 0.194 1.626 19 -3.50 3.50 0.000 0.000 20 0.915 1.626 0.3341 1.6329
1772204662.7889237 0 0.785 0.194 1.626 19 -3.50 3.50 0.000 0.000 20 0.915 1.626 0.3341 1.6329
% 1772204662.8056912 robobot/cmd/ti alive 2026-02-27 16:04:14.760507
1772204662.8389983 0 0.785 0.194 1.626 19 -3.50 3.50 0.000 0.000 20 0.915 1.626 0.3341 1.6329
1772204662.875839 0 0.785 0.194 1.626 19 -3.50 3.50 0.000 0.000 20 0.915 1.626 0.3341 1.6329
1772204662.8891037 0 0.785 0.194 1.626 19 -3.50 3.50 0.000 0.000 20 0.915 1.626 0.3341 1.6329
1772204662.9391613 0 0.785 0.194 1.626 19 -3.50 3.50 0.000 0.000 20 0.915 1.626 0.3341 1.6329
1772204662.9756734 0 0.785 0.194 1.626 20 -3.50 3.50 0.000 0.000 20 0.915 1.626 0.3341 1.6329
% 1772204662.9758012 robobot/cmd/T0 leds 16 0 30 30
1772204662.988566 0 0.785 0.194 1.626 20 -3.50 3.50 0.000 0.000 20 0.915 1.626 0.3341 1.6329
1772204663.0386274 0 0.785 0.194 1.626 20 -3.50 3.50 0.000 0.000 20 0.915 1.626 0.3341 1.6329
1772204663.0755024 0 0.785 0.194 1.626 20 -3.50 3.50 0.000 0.000 20 0.915 1.626 0.3341 1.6329
1772204663.0889978 0 0.785 0.194 1.626 20 -3.50 3.50 0.000 0.000 20 0.915 1.626 0.3341 1.6329
1772204663.139041 0 0.785 0.194 1.626 20 -3.50 3.50 0.000 0.000 20 0.915 1.626 0.3341 1.6329
1772204663.1753268 0 0.785 0.194 1.626 20 -3.50 3.50 0.000 0.000 20 0.915 1.626 0.3341 1.6329
1772204663.188973 0 0.785 0.194 1.626 20 -3.50 3.50 0.000 0.000 20 0.915 1.626 0.3341 1.6329
1772204663.2388837 0 0.785 0.194 1.626 20 -3.50 3.50 0.000 0.000 20 0.915 1.626 0.3341 1.6329
1772204663.2758741 0 0.785 0.194 1.626 20 -3.50 3.50 0.000 0.000 20 0.915 1.626 0.3341 1.6329
1772204663.2891295 0 0.785 0.194 1.626 20 -3.50 3.50 0.000 0.000 20 0.915 1.626 0.3341 1.6329
% 1772204663.3071756 robobot/cmd/ti alive 2026-02-27 16:04:14.760507
1772204663.3401551 0 0.785 0.194 1.626 20 -3.50 3.50 0.000 0.000 20 0.915 1.626 0.3341 1.6329
1772204663.3761978 0 0.785 0.194 1.626 21 -3.50 3.50 0.000 0.000 20 0.915 1.626 0.3341 1.6329
1772204663.3899226 0 0.785 0.194 1.626 21 -3.50 3.50 0.000 0.000 20 0.915 1.626 0.3341 1.6329
1772204663.4402823 0 0.785 0.194 1.626 21 -3.50 3.50 0.000 0.000 20 0.915 1.626 0.3341 1.6329
1772204663.4761531 0 0.785 0.194 1.626 21 -3.50 3.50 0.000 0.000 20 0.915 1.626 0.3341 1.6329
1772204663.4893458 0 0.785 0.194 1.626 21 -3.50 3.50 0.000 0.000 20 0.915 1.626 0.3341 1.6329
1772204663.5396633 0 0.785 0.194 1.626 21 -3.50 3.50 0.000 0.000 20 0.915 1.626 0.3341 1.6329
1772204663.5761523 0 0.785 0.194 1.626 21 -3.50 3.50 0.000 0.000 20 0.915 1.626 0.3341 1.6329
1772204663.5895727 0 0.785 0.194 1.626 21 -3.50 3.50 0.000 0.000 20 0.915 1.626 0.3341 1.6329
1772204663.639408 0 0.785 0.194 1.626 21 -3.50 3.50 0.000 0.000 20 0.915 1.626 0.3341 1.6329
1772204663.6754458 0 0.785 0.194 1.626 21 -3.50 3.50 0.000 0.000 20 0.915 1.626 0.3341 1.6329
1772204663.6902864 0 0.785 0.194 1.626 21 -3.50 3.50 0.000 0.000 20 0.915 1.626 0.3341 1.6329
1772204663.740295 0 0.785 0.194 1.626 21 -3.50 3.50 0.000 0.000 20 0.915 1.626 0.3341 1.6329
1772204663.7762601 0 0.785 0.194 1.626 22 -3.50 3.50 0.000 0.000 20 0.915 1.626 0.3341 1.6329
% 1772204663.7810023 robobot/cmd/T0 leds 16 0 64 0
1772204663.790319 0 0.785 0.194 1.626 22 -3.50 3.50 0.000 0.000 20 0.915 1.626 0.3341 1.6329
% 1772204663.8087382 robobot/cmd/ti alive 2026-02-27 16:04:14.760507
1772204663.839705 0 0.785 0.194 1.626 22 -3.50 3.50 0.000 0.000 20 0.915 1.626 0.3341 1.6329
1772204663.876033 0 0.785 0.194 1.626 22 -3.50 3.50 0.000 0.000 20 0.915 1.626 0.3341 1.6329
1772204663.8903801 0 0.785 0.194 1.626 22 -3.50 3.50 0.000 0.000 20 0.915 1.626 0.3341 1.6329
1772204663.940439 0 0.785 0.194 1.626 22 -3.50 3.50 0.000 0.000 20 0.915 1.626 0.3341 1.6329
1772204663.9761722 0 0.785 0.194 1.626 22 -3.50 3.50 0.000 0.000 20 0.915 1.626 0.3341 1.6329
1772204663.9905736 0 0.785 0.194 1.626 22 -3.50 3.50 0.000 0.000 20 0.915 1.626 0.3341 1.6329
1772204664.0406272 0 0.785 0.194 1.626 22 -3.50 3.50 0.000 0.000 20 0.915 1.626 0.3341 1.6329
1772204664.0753586 0 0.785 0.194 1.626 22 -3.50 3.50 0.000 0.000 20 0.915 1.626 0.3341 1.6329
1772204664.0907536 0 0.785 0.194 1.626 22 -3.50 3.50 0.000 0.000 20 0.915 1.626 0.3341 1.6329
1772204664.1410408 0 0.785 0.194 1.626 22 -3.50 3.50 0.000 0.000 20 0.915 1.626 0.3341 1.6329
1772204664.1761487 0 0.785 0.194 1.626 23 -3.50 3.50 0.000 0.000 20 0.915 1.626 0.3341 1.6329
1772204664.1905317 0 0.785 0.194 1.626 23 -3.50 3.50 0.000 0.000 20 0.915 1.626 0.3341 1.6329
1772204664.240633 0 0.785 0.194 1.626 23 -3.50 3.50 0.000 0.000 20 0.915 1.626 0.3341 1.6329
1772204664.2762952 0 0.785 0.194 1.626 23 -3.50 3.50 0.000 0.000 20 0.915 1.626 0.3341 1.6329
1772204664.290904 0 0.785 0.194 1.626 23 -3.50 3.50 0.000 0.000 20 0.915 1.626 0.3341 1.6329
% 1772204664.3102498 robobot/cmd/ti alive 2026-02-27 16:04:14.760507
1772204664.3410807 0 0.785 0.194 1.626 23 -3.50 3.50 0.000 0.000 20 0.915 1.626 0.3341 1.6329
1772204664.3760753 0 0.785 0.194 1.626 23 -3.50 3.50 0.000 0.000 20 0.915 1.626 0.3341 1.6329
1772204664.3907075 0 0.785 0.194 1.626 23 -3.50 3.50 0.000 0.000 20 0.915 1.626 0.3341 1.6329
1772204664.4409623 0 0.785 0.194 1.626 23 -3.50 3.50 0.000 0.000 20 0.915 1.626 0.3341 1.6329
1772204664.475658 0 0.785 0.194 1.626 23 -3.50 3.50 0.000 0.000 20 0.915 1.626 0.3341 1.6329
1772204664.4910152 0 0.785 0.194 1.626 23 -3.50 3.50 0.000 0.000 20 0.915 1.626 0.3341 1.6329
1772204664.5412145 0 0.785 0.194 1.626 23 -3.50 3.50 0.000 0.000 20 0.915 1.626 0.3341 1.6329
% 1772204664.5712368 robobot/cmd/T0 leds 16 0 30 30
1772204664.576059 0 0.785 0.194 1.626 24 -3.50 3.50 0.000 0.000 20 0.915 1.626 0.3341 1.6329
1772204664.5905228 0 0.785 0.194 1.626 24 -3.50 3.50 0.000 0.000 20 0.915 1.626 0.3341 1.6329
1772204664.6406388 0 0.785 0.194 1.626 24 -3.50 3.50 0.000 0.000 20 0.915 1.626 0.3341 1.6329
1772204664.677164 0 0.785 0.194 1.626 24 -3.50 3.50 0.000 0.000 20 0.915 1.626 0.3341 1.6329
1772204664.690471 0 0.785 0.194 1.626 24 -3.50 3.50 0.000 0.000 20 0.915 1.626 0.3341 1.6329
1772204664.7411716 0 0.785 0.194 1.626 24 -3.50 3.50 0.000 0.000 20 0.915 1.626 0.3341 1.6329
1772204664.7762353 0 0.785 0.194 1.626 24 -3.50 3.50 0.000 0.000 20 0.915 1.626 0.3341 1.6329
1772204664.7906263 0 0.785 0.194 1.626 24 -3.50 3.50 0.000 0.000 20 0.915 1.626 0.3341 1.6329
% 1772204664.8117635 robobot/cmd/ti alive 2026-02-27 16:04:14.760507
1772204664.841515 0 0.785 0.194 1.626 24 -3.50 3.50 0.000 0.000 20 0.915 1.626 0.3341 1.6329
1772204664.876513 0 0.785 0.194 1.626 24 -3.50 3.50 0.000 0.000 20 0.915 1.626 0.3341 1.6329
1772204664.8908699 0 0.785 0.194 1.626 24 -3.50 3.50 0.000 0.000 20 0.915 1.626 0.3341 1.6329
1772204664.941216 0 0.785 0.194 1.626 24 -3.50 3.50 0.000 0.000 20 0.915 1.626 0.3341 1.6329
1772204664.9767148 0 0.785 0.194 1.626 25 -3.50 3.50 0.000 0.000 20 0.915 1.626 0.3341 1.6329
1772204664.9911933 0 0.785 0.194 1.626 25 -3.50 3.50 0.000 0.000 20 0.915 1.626 0.3341 1.6329
1772204665.041269 0 0.785 0.194 1.626 25 -3.50 3.50 0.000 0.000 20 0.915 1.626 0.3341 1.6329
1772204665.0772517 0 0.785 0.194 1.626 25 -3.50 3.50 0.000 0.000 20 0.915 1.626 0.3341 1.6329
1772204665.0916286 0 0.785 0.194 1.626 25 -3.50 3.50 0.000 0.000 20 0.915 1.626 0.3341 1.6329
1772204665.1418083 0 0.785 0.194 1.626 25 -3.50 3.50 0.000 0.000 20 0.915 1.626 0.3341 1.6329
1772204665.176447 0 0.785 0.194 1.626 25 -3.50 3.50 0.000 0.000 20 0.915 1.626 0.3341 1.6329
1772204665.1919143 0 0.785 0.194 1.626 25 -3.50 3.50 0.000 0.000 20 0.915 1.626 0.3341 1.6329
1772204665.2414849 0 0.785 0.194 1.626 25 -3.50 3.50 0.000 0.000 20 0.915 1.626 0.3341 1.6329
1772204665.277338 0 0.785 0.194 1.626 25 -3.50 3.50 0.000 0.000 20 0.915 1.626 0.3341 1.6329
1772204665.2915626 0 0.785 0.194 1.626 25 -3.50 3.50 0.000 0.000 20 0.915 1.626 0.3341 1.6329
% 1772204665.3132052 robobot/cmd/ti alive 2026-02-27 16:04:14.760507
1772204665.3419468 0 0.785 0.194 1.626 25 -3.50 3.50 0.000 0.000 20 0.915 1.626 0.3341 1.6329
% 1772204665.3719566 robobot/cmd/T0 leds 16 0 64 0
1772204665.376772 0 0.785 0.194 1.626 26 -3.50 3.50 0.000 0.000 20 0.915 1.626 0.3341 1.6329
1772204665.3924327 0 0.785 0.194 1.626 26 -3.50 3.50 0.000 0.000 20 0.915 1.626 0.3341 1.6329
1772204665.442466 0 0.785 0.194 1.626 26 -3.50 3.50 0.000 0.000 20 0.915 1.626 0.3341 1.6329
1772204665.477077 0 0.785 0.194 1.626 26 -3.50 3.50 0.000 0.000 20 0.915 1.626 0.3341 1.6329
1772204665.4925063 0 0.785 0.194 1.626 26 -3.50 3.50 0.000 0.000 20 0.915 1.626 0.3341 1.6329
1772204665.5424294 0 0.785 0.194 1.626 26 -3.50 3.50 0.000 0.000 20 0.915 1.626 0.3341 1.6329
1772204665.5768917 0 0.785 0.194 1.626 26 -3.50 3.50 0.000 0.000 20 0.915 1.626 0.3341 1.6329
1772204665.5923464 0 0.785 0.194 1.626 26 -3.50 3.50 0.000 0.000 20 0.915 1.626 0.3341 1.6329
1772204665.64267 0 0.785 0.194 1.626 26 -3.50 3.50 0.000 0.000 20 0.915 1.626 0.3341 1.6329
1772204665.6773596 0 0.785 0.194 1.626 26 -3.50 3.50 0.000 0.000 20 0.915 1.626 0.3341 1.6329
1772204665.6930645 0 0.785 0.194 1.626 26 -3.50 3.50 0.000 0.000 20 0.915 1.626 0.3341 1.6329
1772204665.7430093 0 0.785 0.194 1.626 26 -3.50 3.50 0.000 0.000 20 0.915 1.626 0.3341 1.6329
1772204665.777168 0 0.785 0.194 1.626 27 -3.50 3.50 0.000 0.000 20 0.915 1.626 0.3341 1.6329
1772204665.7931597 0 0.785 0.194 1.626 27 -3.50 3.50 0.000 0.000 20 0.915 1.626 0.3341 1.6329
% 1772204665.8144865 robobot/cmd/ti alive 2026-02-27 16:04:14.760507
1772204665.8424225 0 0.785 0.194 1.626 27 -3.50 3.50 0.000 0.000 20 0.915 1.626 0.3341 1.6329
1772204665.8770275 0 0.785 0.194 1.626 27 -3.50 3.50 0.000 0.000 20 0.915 1.626 0.3341 1.6329
1772204665.892629 0 0.785 0.194 1.626 27 -3.50 3.50 0.000 0.000 20 0.915 1.626 0.3341 1.6329
1772204665.942681 0 0.785 0.194 1.626 27 -3.50 3.50 0.000 0.000 20 0.915 1.626 0.3341 1.6329
1772204665.9766185 0 0.785 0.194 1.626 27 -3.50 3.50 0.000 0.000 20 0.915 1.626 0.3341 1.6329
1772204665.993294 0 0.785 0.194 1.626 27 -3.50 3.50 0.000 0.000 20 0.915 1.626 0.3341 1.6329
1772204666.0425704 0 0.785 0.194 1.626 27 -3.50 3.50 0.000 0.000 20 0.915 1.626 0.3341 1.6329
1772204666.0775206 0 0.785 0.194 1.626 27 -3.50 3.50 0.000 0.000 20 0.915 1.626 0.3341 1.6329
1772204666.0930758 0 0.785 0.194 1.626 27 -3.50 3.50 0.000 0.000 20 0.915 1.626 0.3341 1.6329
1772204666.143304 0 0.785 0.194 1.626 27 -3.50 3.50 0.000 0.000 20 0.915 1.626 0.3341 1.6329
% 1772204666.1737857 robobot/cmd/T0 leds 16 0 30 30
1772204666.1775663 0 0.785 0.194 1.626 28 -3.50 3.50 0.000 0.000 20 0.915 1.626 0.3341 1.6329
1772204666.1932557 0 0.785 0.194 1.626 28 -3.50 3.50 0.000 0.000 20 0.915 1.626 0.3341 1.6329
1772204666.243335 0 0.785 0.194 1.626 28 -3.50 3.50 0.000 0.000 20 0.915 1.626 0.3341 1.6329
1772204666.2777424 0 0.785 0.194 1.626 28 -3.50 3.50 0.000 0.000 20 0.915 1.626 0.3341 1.6329
1772204666.2935457 0 0.785 0.194 1.626 28 -3.50 3.50 0.000 0.000 20 0.915 1.626 0.3341 1.6329
% 1772204666.3157449 robobot/cmd/ti alive 2026-02-27 16:04:14.760507
1772204666.3435533 0 0.785 0.194 1.626 28 -3.50 3.50 0.000 0.000 20 0.915 1.626 0.3341 1.6329
1772204666.377348 0 0.785 0.194 1.626 28 -3.50 3.50 0.000 0.000 20 0.915 1.626 0.3341 1.6329
1772204666.394027 0 0.785 0.194 1.626 28 -3.50 3.50 0.000 0.000 20 0.915 1.626 0.3341 1.6329
1772204666.444232 0 0.785 0.194 1.626 28 -3.50 3.50 0.000 0.000 20 0.915 1.626 0.3341 1.6329
1772204666.4768007 0 0.785 0.194 1.626 28 -3.50 3.50 0.000 0.000 20 0.915 1.626 0.3341 1.6329
1772204666.4933383 0 0.785 0.194 1.626 28 -3.50 3.50 0.000 0.000 20 0.915 1.626 0.3341 1.6329
1772204666.5435011 0 0.785 0.194 1.626 28 -3.50 3.50 0.000 0.000 20 0.915 1.626 0.3341 1.6329
1772204666.577115 0 0.785 0.194 1.626 29 -3.50 3.50 0.000 0.000 20 0.915 1.626 0.3341 1.6329
1772204666.5942516 0 0.785 0.194 1.626 29 -3.50 3.50 0.000 0.000 20 0.915 1.626 0.3341 1.6329
1772204666.6436722 0 0.785 0.194 1.626 29 -3.50 3.50 0.000 0.000 20 0.915 1.626 0.3341 1.6329
1772204666.6771011 0 0.785 0.194 1.626 29 -3.50 3.50 0.000 0.000 20 0.915 1.626 0.3341 1.6329
1772204666.6938336 0 0.785 0.194 1.626 29 -3.50 3.50 0.000 0.000 20 0.915 1.626 0.3341 1.6329
1772204666.7438014 0 0.785 0.194 1.626 29 -3.50 3.50 0.000 0.000 20 0.915 1.626 0.3341 1.6329
1772204666.777571 0 0.785 0.194 1.626 29 -3.50 3.50 0.000 0.000 20 0.915 1.626 0.3341 1.6329
1772204666.7942717 0 0.785 0.194 1.626 29 -3.50 3.50 0.000 0.000 20 0.915 1.626 0.3341 1.6329
% 1772204666.8170242 robobot/cmd/ti alive 2026-02-27 16:04:14.760507
1772204666.8436034 0 0.785 0.194 1.626 29 -3.50 3.50 0.000 0.000 20 0.915 1.626 0.3341 1.6329
1772204666.8771362 0 0.785 0.194 1.626 29 -3.50 3.50 0.000 0.000 20 0.915 1.626 0.3341 1.6329
1772204666.894008 0 0.785 0.194 1.626 29 -3.50 3.50 0.000 0.000 20 0.915 1.626 0.3341 1.6329
1772204666.9443445 0 0.785 0.194 1.626 29 -3.50 3.50 0.000 0.000 20 0.915 1.626 0.3341 1.6329
% 1772204666.9756777 robobot/cmd/T0 leds 16 0 64 0
1772204666.976972 0 0.785 0.194 1.626 30 -3.50 3.50 0.000 0.000 20 0.915 1.626 0.3341 1.6329
1772204666.9951272 0 0.785 0.194 1.626 30 -3.50 3.50 0.000 0.000 20 0.915 1.626 0.3341 1.6329
1772204667.044404 0 0.785 0.194 1.626 30 -3.50 3.50 0.000 0.000 20 0.915 1.626 0.3341 1.6329
1772204667.0773041 0 0.785 0.194 1.626 30 -3.50 3.50 0.000 0.000 20 0.915 1.626 0.3341 1.6329
1772204667.0950038 0 0.785 0.194 1.626 30 -3.50 3.50 0.000 0.000 20 0.915 1.626 0.3341 1.6329
1772204667.1442332 0 0.785 0.194 1.626 30 -3.50 3.50 0.000 0.000 20 0.915 1.626 0.3341 1.6329
1772204667.177667 0 0.785 0.194 1.626 30 -3.50 3.50 0.000 0.000 20 0.915 1.626 0.3341 1.6329
1772204667.194626 0 0.785 0.194 1.626 30 -3.50 3.50 0.000 0.000 20 0.915 1.626 0.3341 1.6329
1772204667.2447636 0 0.785 0.194 1.626 30 -3.50 3.50 0.000 0.000 20 0.915 1.626 0.3341 1.6329
1772204667.2772026 0 0.785 0.194 1.626 30 -3.50 3.50 0.000 0.000 20 0.915 1.626 0.3341 1.6329
1772204667.294857 0 0.785 0.194 1.626 30 -3.50 3.50 0.000 0.000 20 0.915 1.626 0.3341 1.6329
% 1772204667.31826 robobot/cmd/ti alive 2026-02-27 16:04:14.760507
1772204667.3448858 0 0.785 0.194 1.626 30 -3.50 3.50 0.000 0.000 20 0.915 1.626 0.3341 1.6329
1772204667.3776116 0 0.785 0.194 1.626 31 -3.50 3.50 0.000 0.000 20 0.915 1.626 0.3341 1.6329
1772204667.394651 0 0.785 0.194 1.626 31 -3.50 3.50 0.000 0.000 20 0.915 1.626 0.3341 1.6329
1772204667.444721 0 0.785 0.194 1.626 31 -3.50 3.50 0.000 0.000 20 0.915 1.626 0.3341 1.6329
1772204667.4770608 0 0.785 0.194 1.626 31 -3.50 3.50 0.000 0.000 20 0.915 1.626 0.3341 1.6329
1772204667.4948857 0 0.785 0.194 1.626 31 -3.50 3.50 0.000 0.000 20 0.915 1.626 0.3341 1.6329
1772204667.5444727 0 0.785 0.194 1.626 31 -3.50 3.50 0.000 0.000 20 0.915 1.626 0.3341 1.6329
1772204667.577351 0 0.785 0.194 1.626 31 -3.50 3.50 0.000 0.000 20 0.915 1.626 0.3341 1.6329
1772204667.5950356 0 0.785 0.194 1.626 31 -3.50 3.50 0.000 0.000 20 0.915 1.626 0.3341 1.6329
1772204667.645127 0 0.785 0.194 1.626 31 -3.50 3.50 0.000 0.000 20 0.915 1.626 0.3341 1.6329
1772204667.6772435 0 0.785 0.194 1.626 31 -3.50 3.50 0.000 0.000 20 0.915 1.626 0.3341 1.6329
1772204667.69519 0 0.785 0.194 1.626 31 -3.50 3.50 0.000 0.000 20 0.915 1.626 0.3341 1.6329
1772204667.74575 0 0.785 0.194 1.626 31 -3.50 3.50 0.000 0.000 20 0.915 1.626 0.3341 1.6329
% 1772204667.7768924 robobot/cmd/T0 leds 16 0 30 30
1772204667.777682 0 0.785 0.194 1.626 32 -3.50 3.50 0.000 0.000 20 0.915 1.626 0.3341 1.6329
1772204667.7955892 0 0.785 0.194 1.626 32 -3.50 3.50 0.000 0.000 20 0.915 1.626 0.3341 1.6329
% 1772204667.8205793 robobot/cmd/ti alive 2026-02-27 16:04:14.760507
1772204667.8459792 0 0.785 0.194 1.626 32 -3.50 3.50 0.000 0.000 20 0.915 1.626 0.3341 1.6329
1772204667.877916 0 0.785 0.194 1.626 32 -3.50 3.50 0.000 0.000 20 0.915 1.626 0.3341 1.6329
1772204667.8958592 0 0.785 0.194 1.626 32 -3.50 3.50 0.000 0.000 20 0.915 1.626 0.3341 1.6329
1772204667.9460127 0 0.785 0.194 1.626 32 -3.50 3.50 0.000 0.000 20 0.915 1.626 0.3341 1.6329
1772204667.977295 0 0.785 0.194 1.626 32 -3.50 3.50 0.000 0.000 20 0.915 1.626 0.3341 1.6329
1772204667.9962025 0 0.785 0.194 1.626 32 -3.50 3.50 0.000 0.000 20 0.915 1.626 0.3341 1.6329
1772204668.04579 0 0.785 0.194 1.626 32 -3.50 3.50 0.000 0.000 20 0.915 1.626 0.3341 1.6329
1772204668.0780282 0 0.785 0.194 1.626 32 -3.50 3.50 0.000 0.000 20 0.915 1.626 0.3341 1.6329
1772204668.0959263 0 0.785 0.194 1.626 32 -3.50 3.50 0.000 0.000 20 0.915 1.626 0.3341 1.6329
1772204668.146096 0 0.785 0.194 1.626 32 -3.50 3.50 0.000 0.000 20 0.915 1.626 0.3341 1.6329
1772204668.1777332 0 0.785 0.194 1.626 33 -3.50 3.50 0.000 0.000 20 0.915 1.626 0.3341 1.6329
1772204668.1958861 0 0.785 0.194 1.626 33 -3.50 3.50 0.000 0.000 20 0.915 1.626 0.3341 1.6329
1772204668.245808 0 0.785 0.194 1.626 33 -3.50 3.50 0.000 0.000 20 0.915 1.626 0.3341 1.6329
1772204668.2775 0 0.785 0.194 1.626 33 -3.50 3.50 0.000 0.000 20 0.915 1.626 0.3341 1.6329
1772204668.2961805 0 0.785 0.194 1.626 33 -3.50 3.50 0.000 0.000 20 0.915 1.626 0.3341 1.6329
% 1772204668.321871 robobot/cmd/ti alive 2026-02-27 16:04:14.760507
1772204668.3466935 0 0.785 0.194 1.626 33 -3.50 3.50 0.000 0.000 20 0.915 1.626 0.3341 1.6329
